0 0.504972 0.342708 0.012784 0.018750
1 0.059659 0.796875 0.116477 0.268750
0 0.608665 0.341667 0.018466 0.025000
0 0.974432 0.712500 0.051136 0.141667
0 0.514915 0.371875 0.018466 0.031250
0 0.595881 0.363542 0.015625 0.027083
0 0.564631 0.353125 0.015625 0.031250
0 0.508523 0.402083 0.025568 0.037500
0 0.477983 0.391667 0.018466 0.033333
0 0.414773 0.437500 0.034091 0.050000
0 0.648438 0.379167 0.024148 0.037500
0 0.605114 0.434375 0.031250 0.056250
0 0.617188 0.542708 0.046875 0.102083
0 0.455966 0.684375 0.065341 0.118750
0 0.752131 0.669792 0.083807 0.147917
0 0.236506 0.698958 0.103693 0.143750
