0 0.638494 0.363542 0.024148 0.031250
0 0.517756 0.381250 0.018466 0.033333
2 0.914773 0.527083 0.125000 0.195833
0 0.981534 0.708333 0.036932 0.120833
1 0.680398 0.378125 0.036932 0.068750
0 0.733665 0.450000 0.044034 0.062500
0 0.501420 0.450000 0.028409 0.054167
4 0.302557 0.510417 0.142045 0.183333
0 0.473722 0.590625 0.049716 0.089583
0 0.435369 0.476042 0.044034 0.060417
1 0.474432 0.382292 0.042614 0.081250
0 0.442472 0.764583 0.086648 0.175000
1 0.421875 0.403125 0.042614 0.081250
0 0.867898 0.798958 0.096591 0.168750
0 0.224432 0.740625 0.113636 0.147917
