0 0.025568 0.594792 0.042614 0.043750
0 0.715199 0.590625 0.069602 0.152083
0 0.652699 0.388542 0.024148 0.039583
0 0.514915 0.389583 0.021307 0.037500
0 0.683239 0.416667 0.034091 0.050000
0 0.576705 0.370833 0.019886 0.037500
0 0.837358 0.560417 0.069602 0.104167
0 0.502131 0.457292 0.032670 0.064583
0 0.736506 0.462500 0.041193 0.062500
4 0.300426 0.509375 0.140625 0.189583
1 0.846591 0.488542 0.082386 0.143750
0 0.421165 0.500000 0.046875 0.058333
0 0.600142 0.496875 0.038352 0.077083
2 0.468040 0.401042 0.055398 0.102083
2 0.415483 0.411458 0.055398 0.093750
0 0.410511 0.620833 0.076705 0.100000
