0 0.061790 0.570833 0.032670 0.037500
1 0.455256 0.403125 0.061080 0.106250
1 0.408381 0.388542 0.044034 0.068750
0 0.521307 0.362500 0.022727 0.025000
0 0.595881 0.359375 0.018466 0.031250
0 0.514915 0.396875 0.024148 0.043750
1 0.399148 0.448958 0.039773 0.068750
2 0.636364 0.389583 0.053977 0.079167
4 0.301847 0.510417 0.140625 0.187500
2 0.811790 0.478125 0.112216 0.139583
0 0.273438 0.891667 0.132102 0.195833
0 0.137074 0.872917 0.132102 0.191667
0 0.387784 0.608333 0.065341 0.104167
1 0.439631 0.452083 0.049716 0.100000
1 0.208807 0.660417 0.130682 0.191667
