0 0.373580 0.593750 0.076705 0.137500
1 0.377841 0.612500 0.085227 0.158333
0 0.031960 0.919792 0.061080 0.143750
0 0.580966 0.378125 0.019886 0.031250
1 0.617188 0.375000 0.029830 0.075000
0 0.443182 0.477083 0.039773 0.050000
0 0.583807 0.404167 0.025568 0.045833
0 0.517756 0.372917 0.018466 0.037500
0 0.078125 0.953125 0.147727 0.085417
0 0.370739 0.534375 0.053977 0.077083
0 0.396307 0.461458 0.034091 0.056250
0 0.499290 0.472917 0.035511 0.058333
0 0.433949 0.536458 0.046875 0.068750
3 0.460938 0.385417 0.066761 0.120833
0 0.234375 0.665625 0.093750 0.122917
0 0.442472 0.791667 0.083807 0.162500
0 0.258523 0.753125 0.099432 0.131250
