1 0.411222 0.384375 0.041193 0.068750
0 0.577415 0.371875 0.018466 0.035417
1 0.621449 0.407292 0.032670 0.068750
0 0.424006 0.426042 0.026989 0.035417
0 0.477273 0.391667 0.022727 0.033333
0 0.505682 0.442708 0.028409 0.052083
0 0.692472 0.431250 0.038352 0.045833
0 0.593040 0.427083 0.032670 0.075000
4 0.190341 0.723958 0.309659 0.493750
0 0.442472 0.484375 0.041193 0.060417
0 0.482955 0.536458 0.039773 0.068750
0 0.824574 0.707292 0.095170 0.189583
0 0.631392 0.565625 0.055398 0.106250
0 0.881392 0.602083 0.078125 0.112500
0 0.468040 0.641667 0.061080 0.112500
1 0.767756 0.457292 0.095170 0.131250
0 0.296165 0.782292 0.100852 0.143750
