0 0.486506 0.390625 0.018466 0.031250
0 0.625000 0.365625 0.031250 0.043750
0 0.636364 0.383333 0.028409 0.037500
0 0.524858 0.362500 0.015625 0.025000
0 0.599432 0.466667 0.034091 0.062500
0 0.511364 0.411458 0.025568 0.043750
0 0.705966 0.475000 0.039773 0.062500
1 0.683949 0.377083 0.032670 0.050000
1 0.739347 0.429167 0.041193 0.054167
0 0.490057 0.539583 0.045455 0.087500
1 0.458097 0.439583 0.044034 0.083333
0 0.080256 0.928125 0.146307 0.139583
1 0.330256 0.604167 0.146307 0.233333
1 0.406960 0.496875 0.063920 0.135417
