0 0.948864 0.639583 0.102273 0.237500
0 0.512074 0.406250 0.024148 0.041667
0 0.477273 0.421875 0.028409 0.039583
0 0.433239 0.448958 0.034091 0.043750
0 0.521307 0.368750 0.017045 0.029167
0 0.492188 0.538542 0.041193 0.077083
0 0.441051 0.510417 0.044034 0.058333
1 0.633523 0.415625 0.036932 0.081250
0 0.330966 0.590625 0.065341 0.089583
1 0.793324 0.456250 0.058239 0.095833
0 0.319602 0.742708 0.093750 0.139583
0 0.175426 0.812500 0.132102 0.170833
0 0.723722 0.906250 0.117898 0.187500
4 0.383523 0.433333 0.102273 0.120833
