0 0.520597 0.367708 0.018466 0.031250
0 0.473722 0.412500 0.029830 0.041667
1 0.409801 0.388542 0.038352 0.077083
1 0.670455 0.392708 0.039773 0.052083
4 0.296165 0.511458 0.146307 0.193750
0 0.712358 0.412500 0.029830 0.041667
0 0.571733 0.371875 0.018466 0.035417
0 0.494318 0.448958 0.036932 0.056250
0 0.723011 0.456250 0.042614 0.062500
0 0.307528 0.776042 0.117898 0.189583
0 0.630682 0.575000 0.053977 0.120833
0 0.808949 0.538542 0.063920 0.097917
0 0.962358 0.705208 0.075284 0.143750
1 0.094460 0.878125 0.186080 0.243750
1 0.243608 0.680208 0.157670 0.231250
