0 0.480824 0.394792 0.026989 0.043750
0 0.568892 0.356250 0.015625 0.025000
1 0.406250 0.562500 0.062500 0.112500
0 0.405540 0.563542 0.061080 0.110417
0 0.514915 0.395833 0.024148 0.041667
0 0.574574 0.393750 0.018466 0.037500
0 0.489347 0.500000 0.035511 0.062500
0 0.708807 0.425000 0.034091 0.050000
1 0.626420 0.402083 0.031250 0.083333
1 0.375000 0.484375 0.053977 0.093750
1 0.852273 0.500000 0.076705 0.104167
0 0.639915 0.609375 0.055398 0.118750
1 0.258523 0.620833 0.125000 0.225000
1 0.680398 0.481250 0.056818 0.129167
