0 0.607955 0.376042 0.0255682 0.0520833
3 0.183239 0.794792 0.357955 0.410417
0 0.769886 0.452083 0.0426136 0.05
0 0.65625 0.370833 0.0227273 0.0291667
1 0.608665 0.376042 0.0241477 0.0520833
0 0.571023 0.371875 0.0198864 0.0354167
1 0.40767 0.419792 0.0454545 0.0979167
0 0.464489 0.430208 0.03125 0.04375
0 0.511364 0.396875 0.0227273 0.0395833
0 0.497159 0.458333 0.03125 0.0541667
0 0.590909 0.43125 0.0284091 0.05
0 0.693892 0.466667 0.0411932 0.0625
0 0.690341 0.388542 0.0284091 0.0395833
0 0.772017 0.521875 0.0582386 0.102083
