0 0.520597 0.362500 0.018466 0.029167
0 0.480824 0.387500 0.018466 0.033333
1 0.640625 0.394792 0.031250 0.064583
0 0.022727 0.598958 0.042614 0.043750
1 0.409091 0.386458 0.036932 0.068750
0 0.568892 0.365625 0.018466 0.031250
0 0.493608 0.362500 0.015625 0.025000
0 0.595881 0.368750 0.018466 0.033333
0 0.480824 0.406250 0.021307 0.033333
1 0.848722 0.501042 0.095170 0.131250
0 0.586648 0.397917 0.022727 0.037500
1 0.711648 0.437500 0.053977 0.087500
0 0.495739 0.455208 0.034091 0.056250
0 0.405540 0.460417 0.041193 0.062500
0 0.627841 0.536458 0.053977 0.102083
0 0.955966 0.681250 0.085227 0.150000
0 0.324574 0.782292 0.115057 0.164583
1 0.218040 0.676042 0.132102 0.185417
