1 0.870739 0.796875 0.258523 0.406250
0 0.520597 0.376042 0.021307 0.039583
0 0.165483 0.911458 0.140625 0.168750
1 0.408381 0.385417 0.035511 0.066667
0 0.662642 0.368750 0.024148 0.041667
0 0.474432 0.403125 0.028409 0.043750
0 0.615057 0.363542 0.019886 0.027083
0 0.639915 0.361458 0.021307 0.031250
1 0.364347 0.478125 0.080966 0.127083
2 0.703835 0.434375 0.072443 0.085417
0 0.446023 0.481250 0.036932 0.054167
0 0.488636 0.555208 0.042614 0.072917
0 0.799006 0.475000 0.049716 0.070833
1 0.399148 0.532292 0.073864 0.152083
1 0.927557 0.543750 0.139205 0.233333
0 0.605114 0.512500 0.042614 0.087500
1 0.705966 0.528125 0.065341 0.139583
0 0.258523 0.744792 0.102273 0.135417
