0 0.59517 0.338542 0.0142045 0.0229167
1 0.479403 0.39375 0.0241477 0.05
0 0.617898 0.34375 0.0142045 0.0208333
0 0.477983 0.392708 0.0241477 0.0479167
1 0.43608 0.404167 0.03125 0.0625
0 0.568182 0.364583 0.0198864 0.0333333
0 0.643466 0.36875 0.0198864 0.0333333
0 0.698864 0.427083 0.0340909 0.0541667
0 0.514205 0.392708 0.0198864 0.0354167
0 0.587358 0.430208 0.0269886 0.0479167
1 0.400568 0.452083 0.0511364 0.104167
0 0.950994 0.658333 0.0894886 0.129167
0 0.637074 0.625 0.0553977 0.1125
0 0.473011 0.548958 0.0482955 0.0729167
1 0.75071 0.620833 0.103693 0.233333
