1 0.406250 0.385417 0.034091 0.066667
1 0.776989 0.469792 0.096591 0.168750
4 0.267756 0.544792 0.169034 0.218750
0 0.493608 0.362500 0.018466 0.029167
0 0.651989 0.382292 0.022727 0.039583
0 0.521307 0.364583 0.019886 0.029167
0 0.593040 0.433333 0.029830 0.058333
0 0.700994 0.421875 0.038352 0.056250
0 0.458097 0.445833 0.035511 0.054167
1 0.436790 0.395833 0.038352 0.066667
0 0.188920 0.803125 0.346591 0.389583
1 0.652699 0.450000 0.044034 0.095833
0 0.365057 0.519792 0.053977 0.077083
0 0.389915 0.583333 0.066761 0.100000
0 0.678267 0.811458 0.095170 0.214583
