0 0.983665 0.759375 0.029830 0.168750
0 0.021307 0.600000 0.039773 0.050000
1 0.402699 0.429167 0.055398 0.112500
0 0.468750 0.396875 0.028409 0.039583
1 0.427557 0.470833 0.073864 0.125000
0 0.785511 0.463542 0.051136 0.064583
0 0.720881 0.437500 0.038352 0.062500
0 0.340199 0.539583 0.058239 0.087500
1 0.374290 0.625000 0.086648 0.158333
0 0.711648 0.565625 0.065341 0.147917
1 0.651989 0.447917 0.048295 0.108333
0 0.911222 0.563542 0.075284 0.097917
0 0.661932 0.726042 0.082386 0.189583
0 0.164773 0.801042 0.133523 0.181250
