0 0.383523 0.484375 0.036932 0.064583
1 0.409801 0.384375 0.038352 0.060417
0 0.602273 0.333333 0.014205 0.020833
2 0.474432 0.368750 0.039773 0.083333
0 0.499290 0.418750 0.026989 0.041667
0 0.518466 0.379167 0.019886 0.033333
0 0.659801 0.376042 0.026989 0.035417
0 0.580966 0.388542 0.022727 0.043750
0 0.710227 0.426042 0.031250 0.052083
4 0.299006 0.513542 0.134943 0.189583
1 0.446733 0.459375 0.046875 0.093750
0 0.602983 0.478125 0.038352 0.077083
0 0.480114 0.581250 0.051136 0.091667
0 0.390625 0.560417 0.062500 0.083333
0 0.634233 0.597917 0.055398 0.129167
