0 0.524148 0.356250 0.014205 0.025000
0 0.460938 0.417708 0.026989 0.043750
0 0.511364 0.390625 0.022727 0.039583
0 0.446023 0.472917 0.039773 0.062500
1 0.183949 0.731250 0.203125 0.275000
0 0.502841 0.451042 0.031250 0.060417
0 0.393466 0.475000 0.036932 0.054167
0 0.409091 0.552083 0.056818 0.087500
0 0.355114 0.541667 0.056818 0.083333
0 0.483665 0.555208 0.049716 0.093750
0 0.602983 0.475000 0.035511 0.066667
0 0.631392 0.615625 0.055398 0.118750
1 0.737216 0.607292 0.122159 0.222917
0 0.605824 0.357292 0.038352 0.060417
