1 0.444602 0.444792 0.048295 0.081250
1 0.711648 0.406250 0.045455 0.079167
4 0.300426 0.513542 0.134943 0.189583
0 0.567472 0.356250 0.018466 0.033333
0 0.514915 0.389583 0.021307 0.037500
0 0.508523 0.428125 0.025568 0.047917
1 0.480114 0.390625 0.028409 0.056250
0 0.384233 0.491667 0.041193 0.058333
0 0.339489 0.572917 0.056818 0.095833
1 0.410511 0.390625 0.036932 0.068750
0 0.374290 0.643750 0.066761 0.104167
0 0.481534 0.550000 0.045455 0.083333
0 0.669744 0.748958 0.103693 0.256250
2 0.651989 0.388542 0.076705 0.114583
0 0.418324 0.818750 0.100852 0.187500
0 0.149148 0.872917 0.130682 0.175000
