0 0.627131 0.360417 0.018466 0.029167
0 0.514915 0.365625 0.015625 0.031250
0 0.571733 0.353125 0.015625 0.031250
0 0.583807 0.419792 0.025568 0.047917
4 0.189631 0.622917 0.240057 0.287500
0 0.461648 0.426042 0.028409 0.047917
1 0.408381 0.385417 0.038352 0.066667
0 0.755682 0.453125 0.036932 0.056250
0 0.603693 0.484375 0.034091 0.068750
0 0.493608 0.501042 0.044034 0.068750
0 0.321023 0.763542 0.099432 0.147917
1 0.370739 0.507292 0.065341 0.122917
0 0.161222 0.804167 0.132102 0.179167
1 0.656960 0.370833 0.046875 0.087500
