1 0.617898 0.380208 0.025568 0.068750
1 0.814631 0.760417 0.109375 0.254167
0 0.526989 0.340625 0.011364 0.018750
0 0.749290 0.438542 0.035511 0.043750
0 0.458807 0.383333 0.019886 0.025000
1 0.649858 0.421875 0.041193 0.089583
0 0.514915 0.363542 0.015625 0.027083
0 0.754972 0.484375 0.049716 0.077083
1 0.471591 0.351042 0.025568 0.047917
0 0.588068 0.444792 0.028409 0.056250
0 0.502841 0.430208 0.028409 0.043750
0 0.870739 0.544792 0.062500 0.097917
1 0.689631 0.511458 0.069602 0.156250
0 0.818182 0.601042 0.071023 0.110417
0 0.066051 0.897917 0.129261 0.191667
2 0.361506 0.552083 0.146307 0.250000
