0 0.486506 0.382292 0.021307 0.039583
1 0.631392 0.362500 0.032670 0.062500
1 0.662642 0.467708 0.052557 0.118750
1 0.739347 0.437500 0.046875 0.087500
1 0.830256 0.471875 0.092330 0.139583
0 0.417614 0.433333 0.031250 0.050000
0 0.564631 0.350000 0.015625 0.029167
0 0.518466 0.385417 0.019886 0.033333
0 0.589489 0.372917 0.019886 0.033333
0 0.587358 0.418750 0.024148 0.050000
0 0.504972 0.428125 0.026989 0.043750
0 0.693182 0.394792 0.028409 0.039583
0 0.377841 0.472917 0.039773 0.050000
1 0.436790 0.469792 0.046875 0.081250
1 0.192472 0.725000 0.203125 0.320833
0 0.477273 0.601042 0.051136 0.093750
0 0.389915 0.591667 0.061080 0.095833
0 0.687500 0.804167 0.099432 0.212500
