0 0.022727 0.596875 0.042614 0.043750
1 0.674716 0.379167 0.039773 0.066667
0 0.518466 0.350000 0.014205 0.025000
3 0.896307 0.560417 0.193182 0.275000
1 0.764915 0.418750 0.044034 0.091667
0 0.640625 0.384375 0.025568 0.039583
0 0.498580 0.368750 0.017045 0.029167
0 0.571733 0.363542 0.018466 0.035417
0 0.585938 0.420833 0.026989 0.050000
1 0.730824 0.453125 0.052557 0.081250
0 0.621449 0.514583 0.044034 0.087500
0 0.093040 0.943750 0.163352 0.112500
2 0.301847 0.541667 0.143466 0.245833
0 0.811790 0.748958 0.112216 0.243750
