1 0.107244 0.837500 0.211648 0.325000
0 0.382812 0.485417 0.038352 0.066667
0 0.662642 0.387500 0.021307 0.037500
1 0.427557 0.506250 0.068182 0.125000
0 0.585938 0.412500 0.029830 0.050000
0 0.468040 0.439583 0.032670 0.058333
1 0.629972 0.403125 0.032670 0.068750
0 0.756392 0.438542 0.038352 0.060417
1 0.702415 0.406250 0.063920 0.104167
0 0.492898 0.509375 0.036932 0.060417
0 0.604403 0.493750 0.041193 0.083333
4 0.428977 0.389583 0.068182 0.100000
0 0.270597 0.581250 0.063920 0.087500
0 0.330966 0.587500 0.071023 0.095833
0 0.353693 0.814583 0.119318 0.183333
