1 0.658381 0.364583 0.026989 0.037500
0 0.489347 0.360417 0.015625 0.025000
0 0.431108 0.415625 0.024148 0.035417
0 0.598722 0.425000 0.026989 0.045833
0 0.517756 0.371875 0.018466 0.031250
0 0.571733 0.367708 0.018466 0.031250
0 0.627131 0.400000 0.026989 0.041667
0 0.482955 0.396875 0.022727 0.039583
0 0.504972 0.428125 0.026989 0.047917
0 0.458097 0.432292 0.029830 0.047917
0 0.754972 0.468750 0.044034 0.062500
0 0.602273 0.481250 0.036932 0.070833
0 0.717330 0.901042 0.105114 0.185417
0 0.492188 0.525000 0.041193 0.066667
0 0.380682 0.580208 0.062500 0.106250
1 0.389915 0.476042 0.066761 0.122917
1 0.741477 0.419792 0.042614 0.043750
