0 0.430398 0.406250 0.028409 0.037500
0 0.036932 0.926042 0.071023 0.143750
0 0.461648 0.435417 0.031250 0.050000
0 0.514915 0.371875 0.018466 0.031250
0 0.511364 0.419792 0.025568 0.043750
0 0.490057 0.506250 0.036932 0.062500
0 0.585938 0.418750 0.026989 0.050000
1 0.667614 0.407292 0.042614 0.085417
0 0.780540 0.456250 0.044034 0.062500
0 0.420455 0.528125 0.048295 0.068750
1 0.930398 0.616667 0.102273 0.179167
0 0.624290 0.525000 0.041193 0.079167
1 0.374290 0.473958 0.078125 0.131250
0 0.377841 0.628125 0.068182 0.093750
0 0.255682 0.704167 0.088068 0.108333
0 0.693182 0.393750 0.022727 0.045833
