0 0.464489 0.380208 0.014205 0.027083
1 0.277699 0.621875 0.115057 0.172917
0 0.567472 0.352083 0.015625 0.025000
1 0.436790 0.388542 0.041193 0.064583
0 0.468040 0.415625 0.024148 0.031250
0 0.514915 0.387500 0.021307 0.033333
1 0.406250 0.384375 0.034091 0.068750
0 0.458807 0.452083 0.034091 0.050000
1 0.642756 0.422917 0.038352 0.079167
0 0.424006 0.521875 0.044034 0.068750
0 0.470170 0.692708 0.068182 0.118750
0 0.705256 0.871875 0.106534 0.239583
1 0.712358 0.598958 0.089489 0.143750
0 0.377841 0.607292 0.062500 0.093750
1 0.274858 0.827083 0.151989 0.258333
