0 0.564631 0.339583 0.012784 0.025000
0 0.671165 0.378125 0.021307 0.031250
0 0.159091 0.507292 0.028409 0.035417
0 0.499290 0.496875 0.035511 0.064583
0 0.514915 0.403125 0.024148 0.043750
1 0.699574 0.435417 0.049716 0.066667
0 0.742898 0.471875 0.051136 0.072917
0 0.362216 0.512500 0.045455 0.066667
1 0.787642 0.442708 0.052557 0.093750
1 0.437500 0.444792 0.062500 0.114583
0 0.408381 0.565625 0.066761 0.118750
0 0.440341 0.732292 0.079545 0.143750
1 0.946023 0.592708 0.099432 0.118750
0 0.939631 0.805208 0.109375 0.193750
0 0.161222 0.842708 0.126420 0.168750
