0 0.598722 0.347917 0.015625 0.025000
1 0.480824 0.341667 0.024148 0.045833
0 0.489347 0.373958 0.018466 0.031250
0 0.475142 0.394792 0.021307 0.035417
0 0.629972 0.352083 0.018466 0.025000
0 0.458807 0.411458 0.022727 0.035417
0 0.506392 0.414583 0.026989 0.050000
1 0.406250 0.384375 0.036932 0.068750
4 0.299006 0.513542 0.134943 0.181250
0 0.809659 0.532292 0.053977 0.072917
0 0.419744 0.519792 0.044034 0.064583
0 0.466619 0.610417 0.055398 0.104167
0 0.377841 0.769792 0.099432 0.160417
0 0.276989 0.748958 0.099432 0.143750
1 0.697443 0.393750 0.039773 0.066667
