0 0.655540 0.390625 0.026989 0.043750
0 0.520597 0.357292 0.015625 0.027083
0 0.573864 0.353125 0.017045 0.027083
0 0.164773 0.507292 0.025568 0.031250
0 0.518466 0.381250 0.019886 0.033333
0 0.712358 0.411458 0.032670 0.052083
0 0.511364 0.415625 0.025568 0.039583
1 0.786222 0.440625 0.086648 0.147917
1 0.458807 0.431250 0.036932 0.075000
1 0.399148 0.435417 0.039773 0.070833
0 0.415483 0.531250 0.046875 0.062500
0 0.490767 0.521875 0.044034 0.085417
0 0.960938 0.615625 0.078125 0.106250
1 0.086648 0.880208 0.170455 0.239583
