0 0.633523 0.366667 0.022727 0.037500
0 0.517756 0.385417 0.018466 0.037500
0 0.742188 0.431250 0.038352 0.037500
0 0.486506 0.404167 0.021307 0.037500
1 0.449574 0.382292 0.024148 0.043750
0 0.607955 0.382292 0.022727 0.043750
0 0.620739 0.452083 0.034091 0.062500
0 0.745739 0.470833 0.045455 0.062500
1 0.670455 0.398958 0.048295 0.068750
0 0.833097 0.504167 0.055398 0.087500
0 0.486506 0.510417 0.046875 0.079167
1 0.364347 0.489583 0.066761 0.112500
0 0.358665 0.919792 0.115057 0.156250
1 0.058949 0.792708 0.115057 0.272917
