0 0.520597 0.377083 0.015625 0.037500
0 0.987926 0.683333 0.021307 0.112500
0 0.639915 0.365625 0.024148 0.043750
1 0.477983 0.393750 0.032670 0.050000
0 0.577415 0.384375 0.021307 0.039583
0 0.461648 0.437500 0.031250 0.050000
1 0.414773 0.437500 0.042614 0.066667
0 0.375000 0.510417 0.042614 0.058333
0 0.411222 0.541667 0.061080 0.091667
0 0.493608 0.494792 0.035511 0.064583
1 0.873580 0.535417 0.082386 0.129167
0 0.070312 0.948958 0.137784 0.102083
0 0.626420 0.526042 0.048295 0.085417
0 0.333097 0.761458 0.098011 0.143750
