0 0.664773 0.388542 0.025568 0.052083
0 0.567472 0.356250 0.015625 0.029167
1 0.617188 0.383333 0.032670 0.075000
0 0.648438 0.444792 0.035511 0.072917
0 0.424716 0.423958 0.028409 0.043750
0 0.521307 0.371875 0.017045 0.031250
0 0.721591 0.419792 0.036932 0.060417
0 0.490057 0.371875 0.017045 0.027083
0 0.696023 0.442708 0.034091 0.056250
1 0.448864 0.375000 0.031250 0.058333
0 0.497159 0.440625 0.031250 0.052083
0 0.808239 0.509375 0.048295 0.068750
0 0.918324 0.639583 0.089489 0.125000
0 0.409091 0.878125 0.105114 0.193750
1 0.262074 0.640625 0.117898 0.160417
