0 0.634233 0.363542 0.018466 0.031250
0 0.515625 0.396875 0.022727 0.039583
0 0.664773 0.371875 0.022727 0.031250
1 0.911932 0.646875 0.125000 0.135417
0 0.693182 0.393750 0.025568 0.037500
0 0.430398 0.411458 0.025568 0.035417
0 0.464489 0.442708 0.036932 0.068750
0 0.743608 0.425000 0.035511 0.050000
0 0.504972 0.446875 0.029830 0.052083
0 0.573864 0.375000 0.019886 0.037500
0 0.799716 0.471875 0.048295 0.060417
0 0.402699 0.580208 0.052557 0.081250
0 0.358665 0.540625 0.055398 0.077083
0 0.458807 0.656250 0.059659 0.104167
