4 0.295455 0.514583 0.142045 0.191667
2 0.124290 0.803125 0.245739 0.381250
0 0.471591 0.417708 0.028409 0.043750
0 0.489347 0.371875 0.018466 0.031250
0 0.629972 0.367708 0.021307 0.031250
0 0.658381 0.392708 0.026989 0.043750
0 0.455966 0.695833 0.076705 0.125000
1 0.815341 0.747917 0.122159 0.241667
0 0.333807 0.559375 0.062500 0.085417
0 0.752131 0.464583 0.041193 0.062500
2 0.419744 0.489583 0.089489 0.191667
1 0.702415 0.481250 0.066761 0.112500
0 0.939631 0.630208 0.089489 0.131250
0 0.242188 0.922917 0.140625 0.154167
