0 0.639915 0.371875 0.021307 0.031250
0 0.569602 0.364583 0.019886 0.033333
0 0.471591 0.422917 0.028409 0.041667
0 0.401989 0.468750 0.036932 0.062500
0 0.617898 0.410417 0.025568 0.045833
0 0.715199 0.422917 0.035511 0.050000
1 0.754261 0.645833 0.093750 0.166667
1 0.427557 0.407292 0.036932 0.068750
0 0.777699 0.528125 0.055398 0.089583
1 0.323153 0.579167 0.109375 0.187500
0 0.865767 0.557292 0.075284 0.097917
2 0.092330 0.839583 0.181818 0.312500
0 0.418324 0.926042 0.120739 0.147917
0 0.858665 0.505208 0.066761 0.085417
