0 0.514915 0.368750 0.018466 0.029167
0 0.524148 0.344792 0.014205 0.022917
0 0.391335 0.910417 0.132102 0.179167
1 0.649858 0.353125 0.029830 0.060417
0 0.514915 0.389583 0.021307 0.037500
0 0.452415 0.390625 0.021307 0.031250
0 0.158381 0.513542 0.024148 0.031250
0 0.489347 0.394792 0.018466 0.031250
0 0.712358 0.448958 0.038352 0.068750
0 0.366477 0.520833 0.048295 0.070833
1 0.408381 0.384375 0.038352 0.068750
1 0.830966 0.472917 0.110795 0.175000
0 0.434659 0.496875 0.045455 0.068750
0 0.286932 0.597917 0.068182 0.087500
0 0.392756 0.603125 0.063920 0.097917
0 0.276278 0.704167 0.095170 0.125000
1 0.715199 0.397917 0.052557 0.075000
0 0.375710 0.481250 0.046875 0.045833
