0 0.508523 0.432292 0.025568 0.035417
0 0.477983 0.396875 0.024148 0.039583
0 0.514915 0.385417 0.021307 0.029167
0 0.626420 0.363542 0.019886 0.027083
0 0.693182 0.407292 0.031250 0.043750
0 0.501420 0.467708 0.031250 0.060417
1 0.452415 0.376042 0.032670 0.060417
1 0.406250 0.384375 0.036932 0.068750
0 0.971591 0.704167 0.053977 0.170833
4 0.299716 0.508333 0.136364 0.187500
0 0.402699 0.481250 0.044034 0.062500
0 0.421875 0.537500 0.053977 0.087500
1 0.768466 0.436458 0.062500 0.106250
0 0.317472 0.673958 0.083807 0.118750
