0 0.980114 0.656250 0.036932 0.108333
0 0.642756 0.378125 0.021307 0.031250
0 0.583807 0.395833 0.028409 0.037500
0 0.512074 0.395833 0.024148 0.037500
0 0.487216 0.438542 0.031250 0.047917
0 0.711648 0.432292 0.034091 0.047917
0 0.392045 0.473958 0.042614 0.068750
0 0.761364 0.484375 0.045455 0.068750
0 0.352273 0.541667 0.056818 0.066667
1 0.686080 0.380208 0.051136 0.081250
0 0.277699 0.612500 0.066761 0.087500
0 0.599432 0.473958 0.034091 0.068750
0 0.881392 0.585417 0.075284 0.104167
0 0.691051 0.811458 0.089489 0.185417
