0 0.598011 0.35625 0.0142045 0.025
0 0.574574 0.371875 0.0184659 0.0354167
0 0.664773 0.385417 0.0284091 0.0416667
0 0.49929 0.397917 0.0213068 0.0333333
0 0.517756 0.377083 0.0184659 0.0291667
0 0.47017 0.385417 0.0227273 0.0333333
0 0.507812 0.4375 0.0269886 0.0458333
0 0.590909 0.427083 0.0255682 0.05
0 0.379261 0.490625 0.0397727 0.05625
0 0.456676 0.455208 0.0326705 0.0520833
0 0.669744 0.498958 0.0411932 0.0645833
0 0.385653 0.545833 0.0553977 0.0791667
1 0.899858 0.592708 0.100852 0.160417
0 0.630682 0.567708 0.0482955 0.102083
0 0.441761 0.702083 0.0738636 0.125
1 0.206676 0.730208 0.177557 0.277083
