0 0.669744 0.377083 0.024148 0.037500
0 0.564631 0.344792 0.018466 0.031250
0 0.708097 0.400000 0.024148 0.029167
0 0.426136 0.436458 0.031250 0.047917
0 0.678267 0.416667 0.032670 0.041667
0 0.636364 0.380208 0.025568 0.035417
0 0.502841 0.451042 0.031250 0.056250
0 0.512074 0.401042 0.021307 0.035417
0 0.455256 0.453125 0.029830 0.056250
0 0.362216 0.540625 0.051136 0.068750
0 0.594460 0.451042 0.029830 0.064583
4 0.299006 0.509375 0.134943 0.181250
0 0.497869 0.520833 0.044034 0.087500
2 0.811790 0.522917 0.191761 0.279167
0 0.237926 0.763542 0.112216 0.139583
