0 0.658381 0.372917 0.021307 0.033333
0 0.511364 0.355208 0.014205 0.018750
0 0.607955 0.378125 0.022727 0.035417
0 0.509233 0.406250 0.024148 0.045833
0 0.482955 0.386458 0.019886 0.031250
1 0.477273 0.340625 0.022727 0.047917
0 0.645597 0.384375 0.024148 0.035417
0 0.599432 0.465625 0.031250 0.064583
0 0.502131 0.455208 0.032670 0.056250
0 0.727273 0.465625 0.042614 0.056250
0 0.453125 0.463542 0.034091 0.052083
0 0.358665 0.502083 0.046875 0.062500
0 0.785511 0.517708 0.059659 0.068750
1 0.412642 0.419792 0.046875 0.085417
0 0.881392 0.567708 0.072443 0.093750
0 0.367898 0.935417 0.136364 0.129167
0 0.708807 0.422917 0.028409 0.045833
