1 0.637784 0.381250 0.031250 0.054167
1 0.612926 0.417708 0.044034 0.068750
0 0.671165 0.408333 0.029830 0.041667
0 0.471591 0.416667 0.025568 0.041667
0 0.512074 0.395833 0.024148 0.037500
1 0.409091 0.384375 0.036932 0.068750
0 0.892756 0.541667 0.075284 0.112500
0 0.443182 0.442708 0.031250 0.052083
0 0.612216 0.509375 0.042614 0.072917
0 0.793324 0.471875 0.049716 0.068750
0 0.924006 0.635417 0.078125 0.104167
0 0.440341 0.731250 0.085227 0.158333
0 0.221591 0.714583 0.096591 0.116667
1 0.251420 0.858333 0.159091 0.270833
