1 0.455966 0.425000 0.034091 0.066667
0 0.520597 0.364583 0.015625 0.025000
0 0.636364 0.365625 0.019886 0.031250
1 0.696733 0.382292 0.046875 0.077083
0 0.583807 0.377083 0.019886 0.037500
0 0.676847 0.407292 0.029830 0.047917
1 0.408381 0.384375 0.038352 0.068750
0 0.374290 0.498958 0.049716 0.081250
0 0.587358 0.420833 0.026989 0.050000
0 0.442472 0.485417 0.038352 0.062500
0 0.968040 0.702083 0.061080 0.162500
1 0.846591 0.503125 0.065341 0.089583
0 0.637784 0.591667 0.053977 0.116667
2 0.161932 0.772917 0.321023 0.445833
