1 0.468040 0.410417 0.032670 0.054167
1 0.408381 0.384375 0.038352 0.068750
0 0.577415 0.377083 0.021307 0.037500
0 0.636364 0.443750 0.036932 0.062500
0 0.398438 0.472917 0.038352 0.054167
0 0.505682 0.456250 0.031250 0.062500
0 0.768466 0.467708 0.045455 0.056250
0 0.602273 0.487500 0.039773 0.083333
1 0.708097 0.409375 0.038352 0.072917
1 0.443182 0.473958 0.045455 0.081250
0 0.393466 0.585417 0.065341 0.100000
0 0.951705 0.626042 0.088068 0.118750
0 0.651989 0.657292 0.068182 0.122917
1 0.337358 0.533333 0.078125 0.112500
0 0.221591 0.734375 0.096591 0.122917
