0 0.520597 0.363542 0.018466 0.027083
0 0.623580 0.357292 0.017045 0.022917
4 0.296165 0.520833 0.129261 0.162500
0 0.517756 0.385417 0.018466 0.029167
1 0.693182 0.397917 0.031250 0.058333
0 0.509233 0.425000 0.024148 0.045833
0 0.571733 0.351042 0.015625 0.027083
0 0.443892 0.468750 0.032670 0.050000
0 0.615057 0.488542 0.034091 0.064583
0 0.483665 0.519792 0.038352 0.068750
2 0.461648 0.392708 0.051136 0.093750
0 0.442472 0.758333 0.078125 0.150000
2 0.355824 0.616667 0.140625 0.262500
1 0.660511 0.366667 0.031250 0.054167
