0 0.674006 0.390625 0.029830 0.047917
0 0.521307 0.365625 0.017045 0.027083
1 0.486506 0.352083 0.032670 0.062500
0 0.615057 0.360417 0.017045 0.029167
0 0.480824 0.393750 0.021307 0.033333
1 0.674006 0.390625 0.029830 0.047917
0 0.642756 0.372917 0.021307 0.033333
0 0.511364 0.394792 0.019886 0.031250
0 0.509233 0.439583 0.026989 0.050000
0 0.299716 0.612500 0.068182 0.083333
0 0.595881 0.437500 0.032670 0.062500
4 0.299006 0.509375 0.134943 0.177083
0 0.474432 0.571875 0.051136 0.081250
0 0.301847 0.790625 0.106534 0.156250
1 0.760653 0.431250 0.058239 0.095833
1 0.848011 0.529167 0.079545 0.116667
1 0.387074 0.554167 0.066761 0.125000
2 0.436790 0.456250 0.069602 0.125000
0 0.098722 0.868750 0.115057 0.154167
0 0.398438 0.882292 0.115057 0.206250
