1 0.656250 0.386458 0.031250 0.056250
0 0.524148 0.336458 0.011364 0.018750
1 0.921165 0.568750 0.075284 0.100000
0 0.839489 0.567708 0.042614 0.106250
3 0.736506 0.418750 0.092330 0.112500
1 0.808239 0.457292 0.062500 0.114583
0 0.567472 0.354167 0.015625 0.029167
0 0.608665 0.354167 0.018466 0.029167
1 0.909091 0.661458 0.125000 0.156250
0 0.645597 0.439583 0.038352 0.083333
0 0.580256 0.385417 0.018466 0.037500
0 0.499290 0.419792 0.021307 0.043750
0 0.455966 0.463542 0.034091 0.056250
0 0.608665 0.505208 0.041193 0.081250
0 0.767756 0.547917 0.112216 0.200000
2 0.124290 0.790625 0.242898 0.414583
