0 0.571733 0.363542 0.018466 0.027083
0 0.629972 0.381250 0.026989 0.037500
0 0.514205 0.386458 0.019886 0.031250
0 0.665483 0.400000 0.029830 0.045833
0 0.585938 0.416667 0.026989 0.054167
1 0.709517 0.395833 0.038352 0.079167
0 0.971591 0.622917 0.056818 0.120833
0 0.367898 0.533333 0.051136 0.075000
0 0.666903 0.527083 0.052557 0.083333
0 0.436790 0.490625 0.038352 0.068750
0 0.867898 0.575000 0.076705 0.108333
0 0.898438 0.542708 0.058239 0.081250
0 0.486506 0.513542 0.038352 0.068750
0 0.276989 0.629167 0.085227 0.120833
1 0.383523 0.466667 0.053977 0.075000
0 0.393466 0.596875 0.059659 0.085417
0 0.443182 0.713542 0.082386 0.152083
0 0.117188 0.875000 0.163352 0.208333
