0 0.524858 0.344792 0.012784 0.018750
0 0.474432 0.438542 0.028409 0.047917
0 0.477983 0.403125 0.024148 0.035417
0 0.359375 0.504167 0.048295 0.075000
0 0.520597 0.368750 0.018466 0.029167
0 0.568892 0.352083 0.015625 0.025000
0 0.508523 0.430208 0.025568 0.043750
0 0.489347 0.504167 0.041193 0.079167
1 0.442472 0.460417 0.046875 0.095833
0 0.201705 0.660417 0.102273 0.158333
0 0.393466 0.530208 0.048295 0.068750
0 0.362216 0.788542 0.107955 0.152083
0 0.386364 0.614583 0.065341 0.100000
0 0.646307 0.644792 0.068182 0.152083
0 0.302557 0.627083 0.073864 0.100000
0 0.696023 0.881250 0.099432 0.216667
0 0.167614 0.839583 0.125000 0.162500
1 0.734375 0.579167 0.093750 0.216667
