0 0.651278 0.404167 0.032670 0.050000
0 0.634233 0.353125 0.018466 0.027083
0 0.724432 0.411458 0.031250 0.043750
0 0.568182 0.365625 0.019886 0.035417
0 0.755682 0.447917 0.034091 0.045833
0 0.671875 0.382292 0.028409 0.035417
1 0.471591 0.343750 0.034091 0.062500
0 0.590199 0.428125 0.029830 0.056250
0 0.696023 0.431250 0.039773 0.058333
0 0.852273 0.520833 0.056818 0.075000
0 0.618608 0.587500 0.055398 0.112500
1 0.965199 0.601042 0.069602 0.177083
0 0.868608 0.609375 0.083807 0.114583
0 0.803977 0.531250 0.062500 0.087500
2 0.440341 0.431250 0.065341 0.112500
