0 0.483665 0.390625 0.021307 0.031250
0 0.980824 0.635417 0.035511 0.137500
1 0.409091 0.384375 0.036932 0.068750
0 0.740057 0.428125 0.039773 0.047917
0 0.573864 0.361458 0.019886 0.031250
0 0.654119 0.371875 0.024148 0.035417
0 0.433239 0.426042 0.028409 0.043750
0 0.667614 0.414583 0.028409 0.037500
0 0.520597 0.390625 0.021307 0.043750
0 0.821733 0.489583 0.044034 0.062500
0 0.585938 0.413542 0.029830 0.060417
0 0.702415 0.441667 0.044034 0.070833
0 0.802557 0.509375 0.056818 0.077083
0 0.410511 0.503125 0.051136 0.068750
0 0.868608 0.584375 0.072443 0.106250
0 0.474432 0.582292 0.053977 0.093750
1 0.326705 0.621875 0.161932 0.264583
1 0.700284 0.387500 0.036932 0.058333
