0 0.518466 0.372917 0.017045 0.029167
1 0.680398 0.485417 0.090909 0.170833
0 0.693182 0.392708 0.028409 0.043750
0 0.470881 0.422917 0.026989 0.045833
0 0.421165 0.428125 0.035511 0.052083
0 0.471591 0.384375 0.019886 0.027083
0 0.571733 0.375000 0.021307 0.037500
0 0.508523 0.410417 0.025568 0.041667
0 0.495739 0.453125 0.034091 0.056250
1 0.627841 0.407292 0.034091 0.077083
1 0.736506 0.404167 0.066761 0.112500
0 0.408381 0.488542 0.049716 0.072917
2 0.129972 0.758333 0.248580 0.300000
1 0.868608 0.513542 0.066761 0.097917
0 0.349432 0.712500 0.079545 0.112500
