0 0.568182 0.345833 0.014205 0.025000
0 0.768466 0.460417 0.042614 0.045833
0 0.512074 0.406250 0.024148 0.045833
0 0.473722 0.385417 0.021307 0.041667
0 0.639205 0.383333 0.025568 0.037500
1 0.409091 0.384375 0.039773 0.068750
0 0.384233 0.489583 0.041193 0.058333
1 0.790483 0.516667 0.083807 0.116667
1 0.443182 0.454167 0.042614 0.083333
0 0.299716 0.603125 0.076705 0.093750
0 0.899148 0.625000 0.076705 0.095833
1 0.315341 0.723958 0.125000 0.243750
0 0.145597 0.928125 0.171875 0.143750
2 0.732244 0.402083 0.072443 0.104167
