0 0.990767 0.648958 0.018466 0.102083
1 0.472301 0.400000 0.044034 0.079167
0 0.020597 0.602083 0.038352 0.050000
0 0.746449 0.448958 0.044034 0.056250
0 0.649148 0.387500 0.025568 0.037500
0 0.689631 0.421875 0.032670 0.047917
0 0.587358 0.410417 0.024148 0.041667
0 0.393466 0.468750 0.039773 0.062500
0 0.410511 0.590625 0.068182 0.097917
0 0.596591 0.472917 0.036932 0.075000
0 0.321733 0.569792 0.069602 0.097917
1 0.446023 0.457292 0.045455 0.072917
0 0.044744 0.931250 0.086648 0.133333
0 0.920455 0.617708 0.085227 0.131250
0 0.476562 0.563542 0.052557 0.093750
0 0.208097 0.751042 0.100852 0.122917
