0 0.367898 0.550000 0.073864 0.108333
1 0.410511 0.389583 0.039773 0.066667
0 0.664773 0.383333 0.025568 0.037500
0 0.620739 0.345833 0.014205 0.025000
0 0.698864 0.426042 0.036932 0.064583
0 0.645597 0.395833 0.024148 0.041667
0 0.446023 0.406250 0.028409 0.045833
0 0.517756 0.378125 0.018466 0.031250
0 0.571733 0.359375 0.018466 0.027083
0 0.643466 0.356250 0.019886 0.029167
0 0.637074 0.446875 0.032670 0.056250
0 0.587358 0.441667 0.032670 0.062500
0 0.477273 0.482292 0.039773 0.064583
0 0.646307 0.569792 0.053977 0.114583
0 0.446023 0.685417 0.068182 0.120833
1 0.346591 0.507292 0.068182 0.102083
0 0.380682 0.575000 0.062500 0.083333
0 0.933949 0.634375 0.129261 0.214583
1 0.755682 0.489583 0.085227 0.137500
