0 0.574574 0.370833 0.018466 0.029167
0 0.473722 0.416667 0.026989 0.041667
0 0.646307 0.390625 0.022727 0.039583
0 0.514915 0.396875 0.021307 0.035417
0 0.458097 0.447917 0.029830 0.045833
0 0.312500 0.553125 0.059659 0.093750
0 0.402699 0.488542 0.041193 0.052083
1 0.389205 0.582292 0.085227 0.160417
1 0.433239 0.396875 0.039773 0.077083
0 0.960938 0.593750 0.075284 0.104167
0 0.474432 0.565625 0.053977 0.093750
0 0.680398 0.766667 0.088068 0.191667
1 0.754972 0.508333 0.072443 0.150000
1 0.234375 0.734375 0.167614 0.289583
0 0.786222 0.466667 0.041193 0.079167
