0 0.611506 0.366667 0.018466 0.029167
0 0.496449 0.352083 0.015625 0.025000
0 0.683949 0.425000 0.035511 0.050000
0 0.639205 0.383333 0.025568 0.037500
0 0.517756 0.360417 0.015625 0.025000
0 0.568892 0.357292 0.018466 0.031250
0 0.730114 0.423958 0.034091 0.043750
0 0.708097 0.461458 0.044034 0.056250
0 0.577415 0.392708 0.021307 0.039583
2 0.455256 0.364583 0.041193 0.075000
1 0.786932 0.446875 0.059659 0.089583
0 0.821733 0.526042 0.058239 0.085417
2 0.327415 0.597917 0.160511 0.250000
1 0.943182 0.775000 0.113636 0.358333
