0 0.565341 0.340625 0.014205 0.022917
2 0.490057 0.350000 0.039773 0.070833
0 0.526989 0.344792 0.014205 0.022917
0 0.624290 0.370833 0.026989 0.037500
0 0.693892 0.419792 0.029830 0.052083
0 0.509233 0.415625 0.024148 0.043750
1 0.409091 0.384375 0.039773 0.068750
0 0.595881 0.454167 0.029830 0.054167
0 0.759233 0.491667 0.052557 0.066667
0 0.855114 0.525000 0.053977 0.062500
0 0.868608 0.585417 0.072443 0.108333
0 0.455966 0.656250 0.062500 0.104167
1 0.362216 0.589583 0.088068 0.129167
1 0.743608 0.412500 0.055398 0.095833
