0 0.608665 0.343750 0.018466 0.025000
0 0.571023 0.351042 0.014205 0.018750
0 0.520597 0.354167 0.015625 0.025000
0 0.573864 0.372917 0.017045 0.029167
0 0.489347 0.378125 0.018466 0.031250
0 0.595881 0.365625 0.018466 0.031250
0 0.702415 0.426042 0.032670 0.052083
0 0.755682 0.446875 0.036932 0.056250
1 0.058949 0.800000 0.115057 0.287500
0 0.421165 0.492708 0.038352 0.056250
0 0.492898 0.500000 0.034091 0.062500
0 0.436790 0.681250 0.078125 0.129167
0 0.658381 0.481250 0.041193 0.075000
0 0.617188 0.513542 0.044034 0.085417
0 0.108665 0.891667 0.143466 0.208333
3 0.855114 0.618750 0.190341 0.350000
