1 0.477273 0.369792 0.025568 0.047917
0 0.593040 0.360417 0.018466 0.025000
0 0.348722 0.502083 0.049716 0.075000
0 0.514915 0.378125 0.018466 0.031250
0 0.502841 0.407292 0.025568 0.039583
0 0.404830 0.427083 0.028409 0.041667
0 0.504972 0.452083 0.032670 0.062500
1 0.442472 0.407292 0.026989 0.047917
0 0.455256 0.470833 0.035511 0.050000
0 0.711648 0.426042 0.036932 0.052083
0 0.590909 0.447917 0.031250 0.058333
0 0.472301 0.582292 0.052557 0.085417
0 0.779830 0.703125 0.082386 0.156250
2 0.818892 0.467708 0.109375 0.156250
