0 0.573153 0.358333 0.015625 0.025
0 0.0241477 0.597917 0.0369318 0.0416667
0 0.492898 0.386458 0.0255682 0.04375
0 0.517756 0.378125 0.0184659 0.03125
0 0.430398 0.438542 0.03125 0.0479167
0 0.579545 0.388542 0.0227273 0.0395833
1 0.693892 0.411458 0.0326705 0.06875
0 0.464489 0.367708 0.0170455 0.0270833
0 0.610795 0.386458 0.0227273 0.0354167
0 0.735085 0.425 0.0326705 0.05
0 0.462358 0.455208 0.0326705 0.0479167
0 0.507102 0.426042 0.0255682 0.04375
0 0.801136 0.480208 0.0426136 0.05625
0 0.602273 0.501042 0.0397727 0.0770833
0 0.933239 0.576042 0.0681818 0.0979167
0 0.259233 0.65625 0.0752841 0.0958333
0 0.418324 0.844792 0.0894886 0.15625
0 0.399858 0.578125 0.0582386 0.0895833
