0 0.462358 0.371875 0.018466 0.031250
0 0.571023 0.343750 0.014205 0.025000
0 0.495739 0.357292 0.014205 0.022917
0 0.574574 0.371875 0.018466 0.031250
0 0.517756 0.348958 0.015625 0.027083
0 0.651989 0.376042 0.025568 0.035417
0 0.508523 0.415625 0.025568 0.043750
0 0.629972 0.414583 0.029830 0.050000
0 0.585938 0.434375 0.029830 0.056250
0 0.431108 0.504167 0.046875 0.079167
0 0.733665 0.456250 0.044034 0.062500
0 0.396307 0.464583 0.039773 0.062500
1 0.061080 0.794792 0.119318 0.272917
0 0.730114 0.422917 0.036932 0.037500
0 0.406250 0.909375 0.125000 0.177083
