4 0.296875 0.507292 0.136364 0.189583
1 0.409091 0.389583 0.034091 0.066667
0 0.631392 0.372917 0.021307 0.033333
0 0.659801 0.402083 0.029830 0.041667
0 0.509233 0.416667 0.026989 0.041667
0 0.709517 0.427083 0.038352 0.054167
0 0.392756 0.479167 0.038352 0.058333
1 0.789773 0.491667 0.053977 0.079167
0 0.492188 0.484375 0.038352 0.068750
0 0.433239 0.519792 0.045455 0.068750
0 0.321733 0.562500 0.055398 0.070833
1 0.448864 0.446875 0.042614 0.072917
0 0.472301 0.622917 0.058239 0.104167
0 0.377131 0.801042 0.103693 0.164583
1 0.218040 0.689583 0.149148 0.237500
