1 0.646307 0.367708 0.028409 0.056250
0 0.568182 0.358333 0.017045 0.025000
0 0.717330 0.435417 0.034091 0.054167
0 0.792614 0.460417 0.045455 0.058333
0 0.493608 0.509375 0.038352 0.068750
2 0.474432 0.377083 0.045455 0.087500
0 0.598722 0.475000 0.035511 0.062500
0 0.427557 0.556250 0.056818 0.083333
0 0.465199 0.640625 0.063920 0.106250
1 0.439631 0.476042 0.049716 0.089583
0 0.946733 0.672917 0.092330 0.133333
1 0.314631 0.533333 0.095170 0.150000
0 0.087358 0.928125 0.166193 0.139583
0 0.414062 0.436458 0.032670 0.052083
