1 0.475142 0.379167 0.038352 0.066667
0 0.420455 0.440625 0.028409 0.039583
1 0.443182 0.469792 0.048295 0.081250
0 0.443182 0.472917 0.051136 0.083333
1 0.409091 0.384375 0.034091 0.068750
0 0.509943 0.405208 0.025568 0.035417
0 0.502841 0.457292 0.031250 0.056250
4 0.299006 0.513542 0.134943 0.189583
0 0.392756 0.485417 0.041193 0.070833
0 0.491477 0.531250 0.045455 0.075000
0 0.441761 0.662500 0.071023 0.120833
1 0.358665 0.600000 0.098011 0.179167
0 0.249290 0.675000 0.083807 0.133333
1 0.861506 0.853125 0.177557 0.289583
0 0.189631 0.848958 0.134943 0.206250
