0 0.649148 0.372917 0.019886 0.033333
0 0.667614 0.403125 0.028409 0.043750
0 0.511364 0.384375 0.019886 0.031250
0 0.493608 0.367708 0.018466 0.031250
0 0.724432 0.415625 0.034091 0.043750
0 0.583097 0.404167 0.024148 0.045833
0 0.786222 0.463542 0.046875 0.068750
2 0.421165 0.468750 0.083807 0.183333
0 0.671165 0.486458 0.049716 0.118750
0 0.599432 0.489583 0.039773 0.087500
0 0.357955 0.694792 0.085227 0.127083
0 0.833097 0.660417 0.083807 0.145833
0 0.477273 0.596875 0.051136 0.093750
1 0.240057 0.654167 0.130682 0.204167
