0 0.512074 0.409375 0.024148 0.043750
0 0.471591 0.407292 0.025568 0.043750
0 0.632812 0.370833 0.024148 0.037500
0 0.912642 0.561458 0.049716 0.081250
0 0.714489 0.421875 0.036932 0.047917
4 0.301136 0.510417 0.139205 0.187500
1 0.129261 0.797917 0.255682 0.395833
0 0.770597 0.512500 0.049716 0.066667
0 0.471591 0.530208 0.048295 0.068750
0 0.443182 0.712500 0.079545 0.133333
1 0.792614 0.456250 0.051136 0.091667
0 0.636364 0.529167 0.048295 0.095833
0 0.872159 0.592708 0.090909 0.131250
1 0.417614 0.464583 0.076705 0.137500
