0 0.643466 0.367708 0.0198864 0.03125
0 0.497869 0.365625 0.015625 0.0270833
0 0.519176 0.370833 0.015625 0.0291667
0 0.455256 0.44375 0.0355114 0.0583333
1 0.452415 0.4 0.0383523 0.0791667
1 0.619318 0.379167 0.03125 0.0666667
0 0.485085 0.384375 0.0213068 0.0354167
0 0.514915 0.397917 0.0213068 0.0375
0 0.580256 0.394792 0.0213068 0.0395833
0 0.603693 0.473958 0.0369318 0.06875
1 0.720881 0.403125 0.0411932 0.0604167
0 0.488636 0.513542 0.0426136 0.06875
1 0.928977 0.573958 0.0965909 0.110417
0 0.735795 0.603125 0.0653409 0.102083
1 0.214489 0.707292 0.125 0.189583
