0 0.520597 0.372917 0.018466 0.033333
0 0.367188 0.522917 0.055398 0.083333
0 0.765625 0.906250 0.116477 0.179167
0 0.607955 0.380208 0.022727 0.031250
0 0.643466 0.367708 0.022727 0.031250
0 0.571023 0.358333 0.017045 0.025000
0 0.477273 0.390625 0.022727 0.031250
1 0.693892 0.379167 0.055398 0.083333
0 0.507102 0.429167 0.028409 0.050000
1 0.438210 0.433333 0.046875 0.087500
0 0.294744 0.567708 0.055398 0.081250
0 0.490057 0.481250 0.036932 0.058333
0 0.416903 0.888542 0.117898 0.222917
0 0.443182 0.589583 0.059659 0.100000
0 0.065341 0.871875 0.127841 0.193750
