0 0.571733 0.366667 0.018466 0.033333
0 0.361506 0.525000 0.052557 0.075000
0 0.624290 0.355208 0.018466 0.031250
0 0.564631 0.340625 0.015625 0.027083
0 0.581676 0.393750 0.026989 0.041667
0 0.499290 0.478125 0.035511 0.060417
0 0.512074 0.414583 0.026989 0.041667
4 0.299716 0.514583 0.139205 0.191667
0 0.418324 0.545833 0.055398 0.087500
0 0.848011 0.513542 0.059659 0.093750
2 0.443182 0.420833 0.065341 0.125000
0 0.223722 0.698958 0.095170 0.135417
1 0.336648 0.693750 0.116477 0.204167
0 0.737926 0.898958 0.137784 0.202083
