0 0.509233 0.394792 0.024148 0.039583
0 0.022727 0.596875 0.042614 0.047917
0 0.394886 0.482292 0.045455 0.077083
1 0.428977 0.422917 0.036932 0.062500
0 0.578125 0.378125 0.022727 0.035417
0 0.456676 0.463542 0.035511 0.052083
0 0.505682 0.431250 0.031250 0.054167
0 0.475142 0.403125 0.024148 0.043750
0 0.720881 0.462500 0.046875 0.070833
0 0.595881 0.452083 0.032670 0.062500
0 0.789773 0.514583 0.068182 0.095833
0 0.327415 0.572917 0.072443 0.100000
1 0.836648 0.478125 0.062500 0.127083
0 0.415483 0.712500 0.080966 0.137500
