1 0.471591 0.400000 0.031250 0.050000
0 0.573864 0.370833 0.019886 0.037500
0 0.982955 0.723958 0.034091 0.168750
0 0.512074 0.394792 0.021307 0.035417
0 0.714489 0.428125 0.025568 0.043750
0 0.470881 0.444792 0.032670 0.052083
0 0.592330 0.456250 0.034091 0.062500
0 0.509233 0.430208 0.026989 0.043750
0 0.943892 0.575000 0.075284 0.091667
0 0.480114 0.541667 0.042614 0.075000
0 0.352983 0.582292 0.069602 0.089583
1 0.745739 0.452083 0.051136 0.100000
1 0.392756 0.441667 0.052557 0.095833
0 0.208807 0.740625 0.105114 0.139583
