0 0.521307 0.366667 0.017045 0.025000
1 0.683239 0.372917 0.042614 0.070833
0 0.514915 0.390625 0.024148 0.035417
1 0.409091 0.392708 0.034091 0.068750
0 0.470881 0.430208 0.026989 0.043750
0 0.440341 0.412500 0.025568 0.037500
0 0.640625 0.376042 0.022727 0.035417
1 0.366477 0.498958 0.068182 0.118750
0 0.514205 0.428125 0.025568 0.043750
0 0.605114 0.372917 0.019886 0.029167
1 0.245739 0.610417 0.133523 0.195833
0 0.405540 0.456250 0.029830 0.050000
0 0.480824 0.487500 0.038352 0.062500
0 0.717330 0.431250 0.039773 0.054167
0 0.767756 0.498958 0.049716 0.072917
1 0.290483 0.711458 0.203125 0.318750
0 0.889205 0.589583 0.079545 0.108333
0 0.469460 0.609375 0.058239 0.114583
