1 0.410511 0.387500 0.036932 0.062500
0 0.575284 0.378125 0.022727 0.035417
0 0.415483 0.431250 0.029830 0.041667
0 0.631392 0.414583 0.029830 0.054167
0 0.587358 0.414583 0.024148 0.050000
1 0.688210 0.412500 0.049716 0.087500
0 0.601562 0.471875 0.041193 0.072917
1 0.478693 0.390625 0.036932 0.064583
0 0.473722 0.468750 0.032670 0.050000
4 0.302557 0.550000 0.190341 0.275000
0 0.075994 0.935417 0.146307 0.129167
1 0.792614 0.491667 0.122159 0.179167
0 0.649858 0.640625 0.063920 0.135417
0 0.252131 0.917708 0.143466 0.164583
