1 0.318182 0.607292 0.071023 0.106250
0 0.504972 0.346875 0.015625 0.027083
1 0.625000 0.398958 0.031250 0.068750
4 0.299006 0.506250 0.132102 0.183333
0 0.312500 0.600000 0.059659 0.100000
2 0.742898 0.436458 0.090909 0.147917
0 0.368608 0.518750 0.049716 0.070833
0 0.414773 0.547917 0.051136 0.083333
2 0.446023 0.421875 0.065341 0.118750
0 0.473722 0.592708 0.052557 0.093750
1 0.348722 0.665625 0.109375 0.193750
0 0.407670 0.901042 0.122159 0.197917
0 0.873580 0.705208 0.096591 0.160417
0 0.223011 0.755208 0.113636 0.147917
1 0.733665 0.633333 0.109375 0.220833
