1 0.758523 0.419792 0.068182 0.110417
0 0.486506 0.389583 0.021307 0.037500
1 0.634943 0.348958 0.025568 0.043750
0 0.523438 0.370833 0.015625 0.025000
0 0.512074 0.394792 0.021307 0.035417
0 0.651989 0.375000 0.025568 0.037500
0 0.506392 0.441667 0.032670 0.062500
0 0.720881 0.445833 0.041193 0.062500
0 0.651278 0.444792 0.032670 0.047917
1 0.433949 0.457292 0.072443 0.127083
0 0.955256 0.621875 0.089489 0.122917
0 0.313920 0.670833 0.093750 0.125000
0 0.452415 0.670833 0.063920 0.116667
1 0.371449 0.469792 0.066761 0.118750
