4 0.349432 0.501042 0.144886 0.206250
0 0.518466 0.373958 0.019886 0.031250
0 0.571023 0.372917 0.019886 0.033333
0 0.514205 0.406250 0.022727 0.037500
0 0.450284 0.388542 0.025568 0.035417
0 0.486506 0.386458 0.024148 0.039583
0 0.629972 0.383333 0.026989 0.037500
0 0.450284 0.463542 0.034091 0.060417
1 0.858665 0.504167 0.080966 0.125000
0 0.843040 0.568750 0.072443 0.087500
1 0.665483 0.391667 0.041193 0.070833
0 0.605824 0.488542 0.035511 0.077083
1 0.723722 0.582292 0.086648 0.172917
0 0.343040 0.816667 0.112216 0.170833
