1 0.653409 0.356250 0.025568 0.058333
0 0.740057 0.426042 0.028409 0.043750
0 0.612216 0.356250 0.017045 0.029167
0 0.482955 0.391667 0.022727 0.041667
0 0.701705 0.426042 0.036932 0.052083
0 0.583097 0.371875 0.018466 0.031250
0 0.586648 0.425000 0.025568 0.054167
0 0.774858 0.454167 0.038352 0.058333
0 0.514205 0.386458 0.022727 0.039583
1 0.407670 0.386458 0.039773 0.077083
0 0.490057 0.526042 0.042614 0.068750
0 0.757812 0.498958 0.055398 0.068750
0 0.952415 0.681250 0.095170 0.150000
0 0.315341 0.759375 0.096591 0.156250
1 0.297585 0.584375 0.098011 0.135417
0 0.227273 0.756250 0.102273 0.137500
1 0.855824 0.496875 0.078125 0.127083
0 0.737926 0.910417 0.129261 0.179167
