0 0.590199 0.396875 0.026989 0.052083
1 0.448864 0.376042 0.039773 0.085417
0 0.514915 0.382292 0.018466 0.027083
1 0.328835 0.705208 0.109375 0.197917
1 0.724432 0.398958 0.051136 0.081250
0 0.670455 0.378125 0.025568 0.047917
0 0.649858 0.364583 0.015625 0.025000
0 0.512074 0.406250 0.024148 0.037500
1 0.602273 0.368750 0.022727 0.050000
1 0.462358 0.428125 0.038352 0.077083
0 0.502131 0.462500 0.029830 0.054167
0 0.587358 0.412500 0.026989 0.045833
0 0.237216 0.647917 0.085227 0.095833
0 0.612926 0.507292 0.041193 0.081250
0 0.458097 0.663542 0.061080 0.102083
0 0.339489 0.550000 0.059659 0.087500
1 0.765625 0.669792 0.119318 0.289583
